name: blast
channels:
- bioconda
- conda-forge
- defaults
dependencies:
- blast=2.7.1=h96bfa4b_5
- libffi=3.2.1=1
- perl-archive-tar=2.18=pl526_3
- perl-carp=1.38=pl526_1
- perl-compress-raw-bzip2=2.074=pl526hfc679d8_0
- perl-compress-raw-zlib=2.069=pl526ha92aebf_7
- perl-exporter=5.72=pl526_1
- perl-exporter-tiny=1.000000=pl526_0
- perl-extutils-makemaker=7.34=pl526_0
- perl-io-compress=2.069=pl526hfc679d8_5
- perl-io-zlib=1.10=pl526_2
- perl-list-moreutils=0.428=pl526_1
- perl-list-moreutils-xs=0.428=pl526_0
- perl-pathtools=3.73=pl526h470a237_2
- perl-scalar-list-utils=1.45=pl526h470a237_3
- perl-test-more=1.001002=pl526_1
- perl-xsloader=0.24=pl526_0
- boost=1.66.0=py36_1
- boost-cpp=1.66.0=1
- bzip2=1.0.6=1
- ca-certificates=2018.4.16=0
- certifi=2018.4.16=py36_0
- gmp=6.1.2=hfc679d8_0
- icu=58.2=hfc679d8_0
- ncurses=6.1=hfc679d8_1
- nettle=3.3=0
- openssl=1.0.2o=h470a237_1
- pcre=8.41=h470a237_2
- perl=5.26.2=h16c6ff1_0
- pip=18.0=py36_0
- python=3.6.6=h5001a0f_0
- readline=7.0=haf1bffa_1
- setuptools=40.0.0=py36_0
- sqlite=3.24.0=h2f33b56_0
- tk=8.6.8=0
- wheel=0.31.1=py36_0
- xz=5.2.4=h470a237_0
- zlib=1.2.11=h470a237_3
- libgfortran=3.0.1=h93005f0_2
- libopenblas=0.2.20=hdc02c5d_7
- numpy=1.14.3=py36he6379a5_2
- numpy-base=1.14.3=py36h7ef55bc_1
