name: humann2
channels:
- bioconda
- conda-forge
- defaults
dependencies:
- bcftools=1.9=h4da6232_0
- biom-format=2.1.6=py27_1
- biopython=1.68=py27_0
- blast=2.7.1=h96bfa4b_5
- bowtie2=2.3.4.1=py27h470a237_1
- dendropy=4.4.0=py_0
- diamond=0.8.36=hd28b015_2
- htslib=1.9=h4da6232_1
- humann2=0.11.1=py27_3
- libdeflate=1.0=h470a237_0
- libffi=3.2.1=1
- metaphlan2=2.7.7=py27_1
- mmtf-python=1.0.2=py27_0
- muscle=3.8.1551=h470a237_3
- perl-archive-tar=2.18=pl526_3
- perl-carp=1.38=pl526_1
- perl-compress-raw-bzip2=2.074=pl526hfc679d8_0
- perl-compress-raw-zlib=2.069=pl526ha92aebf_7
- perl-exporter=5.72=pl526_1
- perl-exporter-tiny=1.000000=pl526_0
- perl-extutils-makemaker=7.34=pl526_0
- perl-io-compress=2.069=pl526hfc679d8_5
- perl-io-zlib=1.10=pl526_2
- perl-list-moreutils=0.428=pl526_1
- perl-list-moreutils-xs=0.428=pl526_0
- perl-pathtools=3.73=pl526h470a237_2
- perl-scalar-list-utils=1.45=pl526h470a237_3
- perl-test-more=1.001002=pl526_1
- perl-xsloader=0.24=pl526_0
- pyqi=0.3.2=py27_1
- pysam=0.15.0.1=py27hdfb72b2_0
- raxml=8.2.10=h470a237_1
- samtools=1.9=h46bd0b3_0
- asn1crypto=0.24.0=py_1
- backports=1.0=py27_1
- backports.functools_lru_cache=1.5=py_1
- backports_abc=0.5=py27_0
- boost=1.66.0=py27_1
- boost-cpp=1.66.0=1
- bzip2=1.0.6=1
- ca-certificates=2018.4.16=0
- certifi=2018.4.16=py27_0
- cffi=1.11.5=py27_0
- chardet=3.0.4=py27_2
- clangdev=6.0.0=default_0
- click=6.7=py_1
- cryptography=2.3=py27hdffb7b8_0
- cryptography-vectors=2.3=py27_0
- curl=7.61.0=h93b3f91_1
- cycler=0.10.0=py_1
- enum34=1.1.6=py27_1
- freetype=2.8.1=hfa320df_1
- functools32=3.2.3.2=py27_2
- future=0.16.0=py27_2
- futures=3.2.0=py27_0
- gmp=6.1.2=hfc679d8_0
- h5py=2.8.0=py27hb794570_1
- hdf5=1.10.2=hc401514_1
- icu=58.2=hfc679d8_0
- idna=2.7=py27_2
- ipaddress=1.0.22=py_1
- jpeg=9c=h470a237_0
- kiwisolver=1.0.1=py27_1
- krb5=1.14.6=0
- libcxx=6.0.0=0
- libiconv=1.15=h470a237_1
- libpng=1.6.34=ha92aebf_1
- libssh2=1.8.0=h5b517e9_2
- libtiff=4.0.9=he6b73bb_1
- libxml2=2.9.8=h422b904_2
- linecache2=1.0.0=py27_0
- llvm-meta=6.0.0=0
- llvmdev=6.0.0=default_4
- matplotlib=2.2.2=py27_1
- mkl_fft=1.0.4=py27_0
- mkl_random=1.0.1=py27_0
- msgpack-python=0.5.6=py27h2d50403_2
- ncurses=5.9=10
- nettle=3.3=0
- olefile=0.45.1=py_1
- openssl=1.0.2o=h470a237_1
- pandas=0.23.3=py27hf8a1672_1
- pcre=8.41=h470a237_2
- perl=5.26.2=h16c6ff1_0
- pillow=5.2.0=py27_0
- pip=18.0=py27_0
- pycparser=2.18=py_1
- pyopenssl=18.0.0=py27_0
- pyparsing=2.2.0=py_1
- pysocks=1.6.8=py27_1
- python=2.7.15=0
- python-dateutil=2.7.3=py_0
- pytz=2018.5=py_0
- readline=7.0=0
- reportlab=3.4.0=py27hdd9f355_1
- requests=2.19.1=py27_1
- setuptools=40.0.0=py27_0
- singledispatch=3.4.0.3=py27_0
- six=1.11.0=py27_1
- sqlite=3.20.1=2
- subprocess32=3.5.2=py27_0
- tbb=2018_20171205=0
- tk=8.6.8=0
- tornado=5.1=py27_0
- traceback2=1.4.0=py27_0
- unittest2=1.1.0=py_0
- urllib3=1.23=py27_0
- wheel=0.31.1=py27_0
- xz=5.2.4=h470a237_0
- zlib=1.2.11=h470a237_3
- intel-openmp=2018.0.3=0
- libgfortran=3.0.1=h93005f0_2
- mkl=2018.0.3=1
- numpy=1.14.2=py27ha9ae307_1
- scipy=1.1.0=py27hcaad992_0
