name: quast
channels:
- bioconda
- conda-forge
- defaults
dependencies:
- blast=2.7.1=h96bfa4b_5
- perl-archive-tar=2.18=pl526_3
- perl-carp=1.38=pl526_1
- perl-compress-raw-bzip2=2.074=pl526hfc679d8_0
- perl-compress-raw-zlib=2.069=pl526ha92aebf_7
- perl-exporter=5.72=pl526_1
- perl-exporter-tiny=1.000000=pl526_0
- perl-extutils-makemaker=7.34=pl526_0
- perl-io-compress=2.069=pl526hfc679d8_5
- perl-io-zlib=1.10=pl526_2
- perl-list-moreutils=0.428=pl526_1
- perl-list-moreutils-xs=0.428=pl526_0
- perl-pathtools=3.73=h470a237_2
- perl-scalar-list-utils=1.45=pl526h470a237_3
- perl-test-more=1.001002=pl526_1
- perl-xsloader=0.24=pl526_0
- quast=4.6.3=py27pl526h3727419_2
- simplejson=3.8.1=py36_0
- boost=1.66.0=py36_1
- boost-cpp=1.66.0=1
- bzip2=1.0.6=h470a237_2
- ca-certificates=2018.4.16=0
- certifi=2018.4.16=py36_0
- cycler=0.10.0=py_1
- dbus=1.13.0=h3a4f0e9_0
- expat=2.2.5=hfc679d8_1
- fontconfig=2.13.0=h0c61d53_4
- freetype=2.8.1=hfa320df_1
- gettext=0.19.8.1=0
- glib=2.55.0=h464dc38_2
- gmp=6.1.2=hfc679d8_0
- gnutls=3.5.17=0
- gst-plugins-base=1.12.2=hde13a9d_0
- gstreamer=1.12.4=h61a6719_0
- icu=58.2=hfc679d8_0
- joblib=0.12.1=py_0
- jpeg=9c=h470a237_0
- kiwisolver=1.0.1=py36_1
- libffi=3.2.1=3
- libiconv=1.15=h470a237_1
- libidn11=1.33=0
- libpng=1.6.34=ha92aebf_1
- libuuid=1.0.3=1
- libxcb=1.13=h470a237_2
- libxml2=2.9.8=h422b904_2
- matplotlib=2.2.2=py36_1
- ncurses=6.1=hfc679d8_1
- nettle=3.3=0
- openssl=1.0.2o=h470a237_1
- pcre=8.41=h470a237_2
- perl=5.26.2=h470a237_0
- pip=18.0=py36_0
- pthread-stubs=0.4=h470a237_1
- pyparsing=2.2.0=py_1
- pyqt=5.6.0=py36h8210e8a_6
- python=3.6.6=h5001a0f_0
- python-dateutil=2.7.3=py_0
- pytz=2018.5=py_0
- qt=5.6.2=h50c60fd_8
- readline=7.0=haf1bffa_1
- setuptools=40.0.0=py36_0
- sip=4.18=py36_1
- six=1.11.0=py36_1
- sqlite=3.24.0=h2f33b56_0
- tk=8.6.8=0
- tornado=5.1=py36_0
- wheel=0.31.1=py36_0
- xorg-libxau=1.0.8=h470a237_6
- xorg-libxdmcp=1.1.2=h470a237_7
- xz=5.2.4=h470a237_0
- zlib=1.2.11=h470a237_3
- libgcc-ng=7.2.0=hdf63c60_3
- libgfortran-ng=7.2.0=hdf63c60_3
- libopenblas=0.2.20=h9ac9557_7
- libstdcxx-ng=7.2.0=hdf63c60_3
- numpy=1.14.3=py36h28100ab_2
- numpy-base=1.14.3=py36h0ea5e3f_1
- openjdk=8.0.121=1
