name: trinity
channels:
- bioconda
- conda-forge
- defaults
dependencies:
- bowtie=1.2.2=py36h2d50403_1
- bowtie2=2.3.4.1=py36h2d50403_1
- collectl=4.0.4=2
- fastool=0.1.4=ha92aebf_3
- jellyfish=2.2.10=h2d50403_0
- jemalloc=4.5.0=0
- libdeflate=1.0=h470a237_0
- parafly=r2013_01_21=1
- perl-app-cpanminus=1.7044=pl526_1
- perl-carp=1.38=pl526_1
- perl-constant=1.33=pl526_1
- perl-cpan-meta=2.120921=pl526_1
- perl-data-dumper=2.161=pl526_2
- perl-devel-symdump=2.18=pl526_1
- perl-exporter=5.72=pl526_1
- perl-extutils-cbuilder=0.280230=pl526_1
- perl-extutils-makemaker=7.34=pl526_0
- perl-extutils-manifest=1.70=pl526_2
- perl-extutils-parsexs=3.35=pl526_0
- perl-file-path=2.12=pl526_1
- perl-file-temp=0.2304=pl526_2
- perl-getopt-long=2.50=pl526_1
- perl-ipc-cmd=1.02=pl526_0
- perl-list-util=1.38=pl526_1
- perl-locale-maketext-simple=0.21=pl526_1
- perl-module-build=0.4224=pl526_2
- perl-module-corelist=5.20180120=pl526_1
- perl-module-load=0.32=pl526_1
- perl-module-load-conditional=0.68=pl526_2
- perl-module-metadata=1.000019=pl526_1
- perl-params-check=0.38=pl526_1
- perl-parent=0.236=pl526_1
- perl-perl-ostype=1.010=pl526_1
- perl-scalar-list-utils=1.45=pl526h470a237_3
- perl-test-more=1.001002=pl526_1
- perl-text-abbrev=1.02=pl526_0
- perl-text-parsewords=3.29=pl526_3
- perl-threaded=5.22.0=13
- perl-version=0.9924=pl526_0
- salmon=0.10.1=1
- samtools=1.9=h46bd0b3_0
- slclust=02022010=2
- trimmomatic=0.38=0
- trinity=2.6.6=2
- boost=1.64.0=py36_4
- boost-cpp=1.64.0=1
- bzip2=1.0.6=h470a237_2
- ca-certificates=2018.4.16=0
- certifi=2018.4.16=py36_0
- curl=7.60.0=0
- icu=58.2=hfc679d8_0
- krb5=1.14.6=0
- libssh2=1.8.0=h5b517e9_2
- mkl_fft=1.0.3=py36_0
- mkl_random=1.0.1=py36_0
- ncurses=5.9=10
- openssl=1.0.2o=0
- perl=5.26.2=h470a237_0
- pip=9.0.3=py36_0
- python=3.6.5=1
- readline=7.0=0
- setuptools=40.0.0=py36_0
- sqlite=3.20.1=2
- tbb=2018_20171205=0
- tk=8.6.8=0
- wheel=0.31.1=py36_0
- xz=5.2.3=0
- zlib=1.2.11=h470a237_3
- intel-openmp=2018.0.3=0
- libgcc=7.2.0=h69d50b8_2
- libgcc-ng=7.2.0=hdf63c60_3
- libgfortran-ng=7.2.0=hdf63c60_3
- libstdcxx-ng=7.2.0=hdf63c60_3
- mkl=2018.0.3=1
- numpy=1.14.2=py36hdbf6ddf_1
- openjdk=8.0.121=1
